второй уровень:
[ [ (1,2,3), (4,5,6) ] ] + [ [ (7,8,9), (10,11,12) ] ] = [ [ (1,2,3), (4,5,6), (7,8,9), (10,11,12) ] ]

второй уровень со смешением:
[ [ (1,2,3), (4,5,6) ] ] + [ [ (7,8,9), (10,11,12) ] ] = [ [ (1,2,3),(7,8,9),(4,5,6),(10,11,12) ] ]

второй уровень с вложением:
[ [ (1,2,3), (4,5,6) ] ] + [ [ (7,8,9), (10,11,12) ] ] = [ [ [ (1,2,3),(4,5,6) ], [ (7,8,9),(10,11,12) ] ] ]

второй уровень с вложением и смешением:
[ [ (1,2,3), (4,5,6) ] ] + [ [ (7,8,9), (10,11,12) ] ] = [ [ [ (1,2,3),(7,8,9) ], [ (4,5,6),(10,11,12) ] ] ]

третий уровень:
[ [ (1,2,3), (4,5,6) ] ] + [ [ (7,8,9), (10,11,12) ] ] = [ [ [1,2,3,4,5,6,7,8,9,10,11,12] ] ]

третий уровень со смешением:
[ [ (1,2,3), (4,5,6) ] ] + [ [ (7,8,9), (10,11,12) ] ] = [ [ [1,7,2,8,3,9,4,10,5,11,6,12] ] ]

третий уровень с вложением:
[ [ (1,2,3), (4,5,6) ] ] + [ [ (7,8,9), (10,11,12) ] ] = [ [ [1,2,3,4,5,6],[7,8,9,10,11,12] ] ]

третий уровень с вложением и смешением:
[ [ (1,2,3), (4,5,6) ] ] + [ [ (7,8,9), (10,11,12) ] ] = [ [ [1,7],[2,8],[3,9],[4,10],[5,11],[6,12] ] ]
