M 0,0 

#C.1
H 1.92243171 ;
#L.2...
L 1.99824715,0.31148303 1.72891283,0.30400151 
#C.4
C 1.80497479,0.3788166 1.92841959,0.38629809 1.95709872,0.52844679 
#C.5
C 1.99377036,0.71021062 1.55546045,0.8829388 1.30994821,1.07085621 

#C.6
C 1.05147767,1.26869202 0.67236388,1.61017454 0.51690823,2.03073382 

#C.7
C 0.35324755,2.47349048 0.28897169,2.84397411 0.31041858,3.18887138 

#C.8
C 0.33866882,3.64317679 0.69765115,3.57411408 0.92902559,3.8307848 

#C.9
C 1.10597277,4.02707767 0.61380589,3.98830867 0.41398257,3.99238539 

#C.10
C 0.67996293,4.1811552 0.78434891,4.38305283 0.78329557,4.66000605 

#C.11
C 0.78170198,5.07901382 0.47744593,5.28435373 0.0,5.2843318 
